{
 "cells": [
  {
   "cell_type": "code",
   "execution_count": 1,
   "metadata": {},
   "outputs": [],
   "source": [
    "def read_and_give_dict(path):\n",
    "    \"\"\"\n",
    "        The function returns a Dictionary {\"Version\", \"Defination\", \"Sequence\"}\n",
    "        for a file given in the path\n",
    "        \"\"\"\n",
    "    with open(path) as file:\n",
    "        info = file.read()\n",
    "    info = info.split(\">\")\n",
    "    while True:\n",
    "        try:\n",
    "            info.remove(\"\")\n",
    "        except:\n",
    "            break        \n",
    "    nucleotide_list, nucleotides = [], {\"Version\": [], \"Defination\": [], \"Sequence\": []}\n",
    "    for i in info:\n",
    "        temp, seq = i.split(\"\\n\", maxsplit=1)\n",
    "        nucleotides['Version'].append(temp.split(\" \", maxsplit=1)[0])\n",
    "        nucleotides['Defination'].append(temp.split(\" \", maxsplit=1)[1])\n",
    "        nucleotides[\"Sequence\"].append(\"\".join(seq.split(\"\\n\")))\n",
    "    return nucleotides"
   ]
  },
  {
   "cell_type": "code",
   "execution_count": 2,
   "metadata": {},
   "outputs": [],
   "source": [
    "sequences = read_and_give_dict(\"./../Nucleotide_alignment.txt\")"
   ]
  },
  {
   "cell_type": "code",
   "execution_count": 3,
   "metadata": {},
   "outputs": [
    {
     "name": "stdout",
     "output_type": "stream",
     "text": [
      "Length of all DNA sequences: 561\n"
     ]
    }
   ],
   "source": [
    "print(\"Length of all DNA sequences:\",len(sequences['Sequence'][0]))"
   ]
  },
  {
   "cell_type": "code",
   "execution_count": 4,
   "metadata": {},
   "outputs": [],
   "source": [
    "def Distance(str1, str2):\n",
    "    \"\"\"\n",
    "        Used to find the degree of difference between 2 strings given \n",
    "        in the input.\n",
    "        For every \"-\" and \"-\", that are encountered, the then length of\n",
    "        both strings is considered to be 1 lesser as there is a missing\n",
    "        nucleotide in both sequences.\n",
    "        \"\"\"\n",
    "    m = len(str1)\n",
    "    mismatch, common_dash = 0, 0\n",
    "    for i in range(m):\n",
    "        if str1[i]==str2[i]:\n",
    "            if str1[i]==\"-\":\n",
    "                common_dash += 1\n",
    "        else:\n",
    "            mismatch += 1\n",
    "    return (mismatch/(m-common_dash))"
   ]
  },
  {
   "cell_type": "code",
   "execution_count": 5,
   "metadata": {},
   "outputs": [],
   "source": [
    "\"\"\"\n",
    "    Building the distance matrix row by row and appending to \n",
    "    distance_matrix, to get a final 2d distance array.\n",
    "    \"\"\"\n",
    "distance_matrix = []\n",
    "for i in range(len(sequences['Sequence'])):\n",
    "    distances = []\n",
    "    for j in range(len(sequences['Sequence'])):\n",
    "        distances.append(Distance(sequences['Sequence'][i], sequences['Sequence'][j]))\n",
    "    distance_matrix.append(distances)"
   ]
  },
  {
   "cell_type": "code",
   "execution_count": 6,
   "metadata": {},
   "outputs": [
    {
     "data": {
      "text/html": [
       "<div>\n",
       "<style scoped>\n",
       "    .dataframe tbody tr th:only-of-type {\n",
       "        vertical-align: middle;\n",
       "    }\n",
       "\n",
       "    .dataframe tbody tr th {\n",
       "        vertical-align: top;\n",
       "    }\n",
       "\n",
       "    .dataframe thead th {\n",
       "        text-align: right;\n",
       "    }\n",
       "</style>\n",
       "<table border=\"1\" class=\"dataframe\">\n",
       "  <thead>\n",
       "    <tr style=\"text-align: right;\">\n",
       "      <th></th>\n",
       "      <th>0</th>\n",
       "      <th>1</th>\n",
       "      <th>2</th>\n",
       "      <th>3</th>\n",
       "      <th>4</th>\n",
       "      <th>5</th>\n",
       "      <th>6</th>\n",
       "      <th>7</th>\n",
       "      <th>8</th>\n",
       "      <th>9</th>\n",
       "    </tr>\n",
       "  </thead>\n",
       "  <tbody>\n",
       "    <tr>\n",
       "      <th>0</th>\n",
       "      <td>0.000000</td>\n",
       "      <td>0.573975</td>\n",
       "      <td>0.683544</td>\n",
       "      <td>0.649910</td>\n",
       "      <td>0.639640</td>\n",
       "      <td>0.647706</td>\n",
       "      <td>0.655296</td>\n",
       "      <td>0.621818</td>\n",
       "      <td>0.697248</td>\n",
       "      <td>0.678636</td>\n",
       "    </tr>\n",
       "    <tr>\n",
       "      <th>1</th>\n",
       "      <td>0.573975</td>\n",
       "      <td>0.000000</td>\n",
       "      <td>0.583490</td>\n",
       "      <td>0.554307</td>\n",
       "      <td>0.541199</td>\n",
       "      <td>0.554307</td>\n",
       "      <td>0.546314</td>\n",
       "      <td>0.520295</td>\n",
       "      <td>0.602996</td>\n",
       "      <td>0.569288</td>\n",
       "    </tr>\n",
       "    <tr>\n",
       "      <th>2</th>\n",
       "      <td>0.683544</td>\n",
       "      <td>0.583490</td>\n",
       "      <td>0.000000</td>\n",
       "      <td>0.459402</td>\n",
       "      <td>0.449893</td>\n",
       "      <td>0.408297</td>\n",
       "      <td>0.434498</td>\n",
       "      <td>0.457806</td>\n",
       "      <td>0.462585</td>\n",
       "      <td>0.429194</td>\n",
       "    </tr>\n",
       "    <tr>\n",
       "      <th>3</th>\n",
       "      <td>0.649910</td>\n",
       "      <td>0.554307</td>\n",
       "      <td>0.459402</td>\n",
       "      <td>0.000000</td>\n",
       "      <td>0.384289</td>\n",
       "      <td>0.410788</td>\n",
       "      <td>0.278396</td>\n",
       "      <td>0.397590</td>\n",
       "      <td>0.409800</td>\n",
       "      <td>0.316258</td>\n",
       "    </tr>\n",
       "    <tr>\n",
       "      <th>4</th>\n",
       "      <td>0.639640</td>\n",
       "      <td>0.541199</td>\n",
       "      <td>0.449893</td>\n",
       "      <td>0.384289</td>\n",
       "      <td>0.000000</td>\n",
       "      <td>0.386076</td>\n",
       "      <td>0.363441</td>\n",
       "      <td>0.409736</td>\n",
       "      <td>0.419006</td>\n",
       "      <td>0.346237</td>\n",
       "    </tr>\n",
       "    <tr>\n",
       "      <th>5</th>\n",
       "      <td>0.647706</td>\n",
       "      <td>0.554307</td>\n",
       "      <td>0.408297</td>\n",
       "      <td>0.410788</td>\n",
       "      <td>0.386076</td>\n",
       "      <td>0.000000</td>\n",
       "      <td>0.382353</td>\n",
       "      <td>0.326180</td>\n",
       "      <td>0.364896</td>\n",
       "      <td>0.394958</td>\n",
       "    </tr>\n",
       "    <tr>\n",
       "      <th>6</th>\n",
       "      <td>0.655296</td>\n",
       "      <td>0.546314</td>\n",
       "      <td>0.434498</td>\n",
       "      <td>0.278396</td>\n",
       "      <td>0.363441</td>\n",
       "      <td>0.382353</td>\n",
       "      <td>0.000000</td>\n",
       "      <td>0.355691</td>\n",
       "      <td>0.367347</td>\n",
       "      <td>0.292517</td>\n",
       "    </tr>\n",
       "    <tr>\n",
       "      <th>7</th>\n",
       "      <td>0.621818</td>\n",
       "      <td>0.520295</td>\n",
       "      <td>0.457806</td>\n",
       "      <td>0.397590</td>\n",
       "      <td>0.409736</td>\n",
       "      <td>0.326180</td>\n",
       "      <td>0.355691</td>\n",
       "      <td>0.000000</td>\n",
       "      <td>0.377970</td>\n",
       "      <td>0.390244</td>\n",
       "    </tr>\n",
       "    <tr>\n",
       "      <th>8</th>\n",
       "      <td>0.697248</td>\n",
       "      <td>0.602996</td>\n",
       "      <td>0.462585</td>\n",
       "      <td>0.409800</td>\n",
       "      <td>0.419006</td>\n",
       "      <td>0.364896</td>\n",
       "      <td>0.367347</td>\n",
       "      <td>0.377970</td>\n",
       "      <td>0.000000</td>\n",
       "      <td>0.213942</td>\n",
       "    </tr>\n",
       "    <tr>\n",
       "      <th>9</th>\n",
       "      <td>0.678636</td>\n",
       "      <td>0.569288</td>\n",
       "      <td>0.429194</td>\n",
       "      <td>0.316258</td>\n",
       "      <td>0.346237</td>\n",
       "      <td>0.394958</td>\n",
       "      <td>0.292517</td>\n",
       "      <td>0.390244</td>\n",
       "      <td>0.213942</td>\n",
       "      <td>0.000000</td>\n",
       "    </tr>\n",
       "  </tbody>\n",
       "</table>\n",
       "</div>"
      ],
      "text/plain": [
       "          0         1         2         3         4         5         6  \\\n",
       "0  0.000000  0.573975  0.683544  0.649910  0.639640  0.647706  0.655296   \n",
       "1  0.573975  0.000000  0.583490  0.554307  0.541199  0.554307  0.546314   \n",
       "2  0.683544  0.583490  0.000000  0.459402  0.449893  0.408297  0.434498   \n",
       "3  0.649910  0.554307  0.459402  0.000000  0.384289  0.410788  0.278396   \n",
       "4  0.639640  0.541199  0.449893  0.384289  0.000000  0.386076  0.363441   \n",
       "5  0.647706  0.554307  0.408297  0.410788  0.386076  0.000000  0.382353   \n",
       "6  0.655296  0.546314  0.434498  0.278396  0.363441  0.382353  0.000000   \n",
       "7  0.621818  0.520295  0.457806  0.397590  0.409736  0.326180  0.355691   \n",
       "8  0.697248  0.602996  0.462585  0.409800  0.419006  0.364896  0.367347   \n",
       "9  0.678636  0.569288  0.429194  0.316258  0.346237  0.394958  0.292517   \n",
       "\n",
       "          7         8         9  \n",
       "0  0.621818  0.697248  0.678636  \n",
       "1  0.520295  0.602996  0.569288  \n",
       "2  0.457806  0.462585  0.429194  \n",
       "3  0.397590  0.409800  0.316258  \n",
       "4  0.409736  0.419006  0.346237  \n",
       "5  0.326180  0.364896  0.394958  \n",
       "6  0.355691  0.367347  0.292517  \n",
       "7  0.000000  0.377970  0.390244  \n",
       "8  0.377970  0.000000  0.213942  \n",
       "9  0.390244  0.213942  0.000000  "
      ]
     },
     "execution_count": 6,
     "metadata": {},
     "output_type": "execute_result"
    }
   ],
   "source": [
    "\"\"\"\n",
    "    Importing Pandas for a better representation and easier \n",
    "    conversion to the csv file.\n",
    "    \"\"\"\n",
    "import pandas as pd\n",
    "df = pd.DataFrame(distance_matrix)\n",
    "df"
   ]
  },
  {
   "cell_type": "code",
   "execution_count": 7,
   "metadata": {},
   "outputs": [],
   "source": [
    "df.to_csv(\"./Ndistance.txt\")"
   ]
  }
 ],
 "metadata": {
  "kernelspec": {
   "display_name": "Python 3",
   "language": "python",
   "name": "python3"
  },
  "language_info": {
   "codemirror_mode": {
    "name": "ipython",
    "version": 3
   },
   "file_extension": ".py",
   "mimetype": "text/x-python",
   "name": "python",
   "nbconvert_exporter": "python",
   "pygments_lexer": "ipython3",
   "version": "3.6.9"
  }
 },
 "nbformat": 4,
 "nbformat_minor": 4
}
