{
 "cells": [
  {
   "cell_type": "code",
   "execution_count": 1,
   "metadata": {},
   "outputs": [],
   "source": [
    "import pandas as pd"
   ]
  },
  {
   "cell_type": "code",
   "execution_count": 4,
   "metadata": {},
   "outputs": [
    {
     "data": {
      "text/html": [
       "<div>\n",
       "<style scoped>\n",
       "    .dataframe tbody tr th:only-of-type {\n",
       "        vertical-align: middle;\n",
       "    }\n",
       "\n",
       "    .dataframe tbody tr th {\n",
       "        vertical-align: top;\n",
       "    }\n",
       "\n",
       "    .dataframe thead th {\n",
       "        text-align: right;\n",
       "    }\n",
       "</style>\n",
       "<table border=\"1\" class=\"dataframe\">\n",
       "  <thead>\n",
       "    <tr style=\"text-align: right;\">\n",
       "      <th></th>\n",
       "      <th>A</th>\n",
       "      <th>B</th>\n",
       "      <th>C</th>\n",
       "      <th>D</th>\n",
       "      <th>E</th>\n",
       "      <th>F</th>\n",
       "      <th>G</th>\n",
       "      <th>H</th>\n",
       "      <th>I</th>\n",
       "      <th>J</th>\n",
       "    </tr>\n",
       "  </thead>\n",
       "  <tbody>\n",
       "    <tr>\n",
       "      <th>A</th>\n",
       "      <td>0.000000</td>\n",
       "      <td>0.573975</td>\n",
       "      <td>0.683544</td>\n",
       "      <td>0.649910</td>\n",
       "      <td>0.639640</td>\n",
       "      <td>0.647706</td>\n",
       "      <td>0.655296</td>\n",
       "      <td>0.621818</td>\n",
       "      <td>0.697248</td>\n",
       "      <td>0.678636</td>\n",
       "    </tr>\n",
       "    <tr>\n",
       "      <th>B</th>\n",
       "      <td>0.573975</td>\n",
       "      <td>0.000000</td>\n",
       "      <td>0.583490</td>\n",
       "      <td>0.554307</td>\n",
       "      <td>0.541199</td>\n",
       "      <td>0.554307</td>\n",
       "      <td>0.546314</td>\n",
       "      <td>0.520295</td>\n",
       "      <td>0.602996</td>\n",
       "      <td>0.569288</td>\n",
       "    </tr>\n",
       "    <tr>\n",
       "      <th>C</th>\n",
       "      <td>0.683544</td>\n",
       "      <td>0.583490</td>\n",
       "      <td>0.000000</td>\n",
       "      <td>0.459402</td>\n",
       "      <td>0.449893</td>\n",
       "      <td>0.408297</td>\n",
       "      <td>0.434498</td>\n",
       "      <td>0.457806</td>\n",
       "      <td>0.462585</td>\n",
       "      <td>0.429194</td>\n",
       "    </tr>\n",
       "    <tr>\n",
       "      <th>D</th>\n",
       "      <td>0.649910</td>\n",
       "      <td>0.554307</td>\n",
       "      <td>0.459402</td>\n",
       "      <td>0.000000</td>\n",
       "      <td>0.384289</td>\n",
       "      <td>0.410788</td>\n",
       "      <td>0.278396</td>\n",
       "      <td>0.397590</td>\n",
       "      <td>0.409800</td>\n",
       "      <td>0.316258</td>\n",
       "    </tr>\n",
       "    <tr>\n",
       "      <th>E</th>\n",
       "      <td>0.639640</td>\n",
       "      <td>0.541199</td>\n",
       "      <td>0.449893</td>\n",
       "      <td>0.384289</td>\n",
       "      <td>0.000000</td>\n",
       "      <td>0.386076</td>\n",
       "      <td>0.363441</td>\n",
       "      <td>0.409736</td>\n",
       "      <td>0.419006</td>\n",
       "      <td>0.346237</td>\n",
       "    </tr>\n",
       "    <tr>\n",
       "      <th>F</th>\n",
       "      <td>0.647706</td>\n",
       "      <td>0.554307</td>\n",
       "      <td>0.408297</td>\n",
       "      <td>0.410788</td>\n",
       "      <td>0.386076</td>\n",
       "      <td>0.000000</td>\n",
       "      <td>0.382353</td>\n",
       "      <td>0.326180</td>\n",
       "      <td>0.364896</td>\n",
       "      <td>0.394958</td>\n",
       "    </tr>\n",
       "    <tr>\n",
       "      <th>G</th>\n",
       "      <td>0.655296</td>\n",
       "      <td>0.546314</td>\n",
       "      <td>0.434498</td>\n",
       "      <td>0.278396</td>\n",
       "      <td>0.363441</td>\n",
       "      <td>0.382353</td>\n",
       "      <td>0.000000</td>\n",
       "      <td>0.355691</td>\n",
       "      <td>0.367347</td>\n",
       "      <td>0.292517</td>\n",
       "    </tr>\n",
       "    <tr>\n",
       "      <th>H</th>\n",
       "      <td>0.621818</td>\n",
       "      <td>0.520295</td>\n",
       "      <td>0.457806</td>\n",
       "      <td>0.397590</td>\n",
       "      <td>0.409736</td>\n",
       "      <td>0.326180</td>\n",
       "      <td>0.355691</td>\n",
       "      <td>0.000000</td>\n",
       "      <td>0.377970</td>\n",
       "      <td>0.390244</td>\n",
       "    </tr>\n",
       "    <tr>\n",
       "      <th>I</th>\n",
       "      <td>0.697248</td>\n",
       "      <td>0.602996</td>\n",
       "      <td>0.462585</td>\n",
       "      <td>0.409800</td>\n",
       "      <td>0.419006</td>\n",
       "      <td>0.364896</td>\n",
       "      <td>0.367347</td>\n",
       "      <td>0.377970</td>\n",
       "      <td>0.000000</td>\n",
       "      <td>0.213942</td>\n",
       "    </tr>\n",
       "    <tr>\n",
       "      <th>J</th>\n",
       "      <td>0.678636</td>\n",
       "      <td>0.569288</td>\n",
       "      <td>0.429194</td>\n",
       "      <td>0.316258</td>\n",
       "      <td>0.346237</td>\n",
       "      <td>0.394958</td>\n",
       "      <td>0.292517</td>\n",
       "      <td>0.390244</td>\n",
       "      <td>0.213942</td>\n",
       "      <td>0.000000</td>\n",
       "    </tr>\n",
       "  </tbody>\n",
       "</table>\n",
       "</div>"
      ],
      "text/plain": [
       "          A         B         C         D         E         F         G  \\\n",
       "A  0.000000  0.573975  0.683544  0.649910  0.639640  0.647706  0.655296   \n",
       "B  0.573975  0.000000  0.583490  0.554307  0.541199  0.554307  0.546314   \n",
       "C  0.683544  0.583490  0.000000  0.459402  0.449893  0.408297  0.434498   \n",
       "D  0.649910  0.554307  0.459402  0.000000  0.384289  0.410788  0.278396   \n",
       "E  0.639640  0.541199  0.449893  0.384289  0.000000  0.386076  0.363441   \n",
       "F  0.647706  0.554307  0.408297  0.410788  0.386076  0.000000  0.382353   \n",
       "G  0.655296  0.546314  0.434498  0.278396  0.363441  0.382353  0.000000   \n",
       "H  0.621818  0.520295  0.457806  0.397590  0.409736  0.326180  0.355691   \n",
       "I  0.697248  0.602996  0.462585  0.409800  0.419006  0.364896  0.367347   \n",
       "J  0.678636  0.569288  0.429194  0.316258  0.346237  0.394958  0.292517   \n",
       "\n",
       "          H         I         J  \n",
       "A  0.621818  0.697248  0.678636  \n",
       "B  0.520295  0.602996  0.569288  \n",
       "C  0.457806  0.462585  0.429194  \n",
       "D  0.397590  0.409800  0.316258  \n",
       "E  0.409736  0.419006  0.346237  \n",
       "F  0.326180  0.364896  0.394958  \n",
       "G  0.355691  0.367347  0.292517  \n",
       "H  0.000000  0.377970  0.390244  \n",
       "I  0.377970  0.000000  0.213942  \n",
       "J  0.390244  0.213942  0.000000  "
      ]
     },
     "execution_count": 4,
     "metadata": {},
     "output_type": "execute_result"
    }
   ],
   "source": [
    "distance_data = pd.read_csv(\"./Ndistance.txt\", index_col=0)\n",
    "names = {0:\"A\", 1:\"B\", 2:\"C\", 3:\"D\", 4:\"E\", 5: \"F\", 6:\"G\", 7:\"H\", 8:\"I\", 9:\"J\"}\n",
    "distance_data.rename(index=names, inplace=True)\n",
    "distance_data.columns = list(names.values())\n",
    "distance_data"
   ]
  },
  {
   "cell_type": "code",
   "execution_count": null,
   "metadata": {},
   "outputs": [],
   "source": []
  }
 ],
 "metadata": {
  "kernelspec": {
   "display_name": "Python 3",
   "language": "python",
   "name": "python3"
  },
  "language_info": {
   "codemirror_mode": {
    "name": "ipython",
    "version": 3
   },
   "file_extension": ".py",
   "mimetype": "text/x-python",
   "name": "python",
   "nbconvert_exporter": "python",
   "pygments_lexer": "ipython3",
   "version": "3.6.9"
  }
 },
 "nbformat": 4,
 "nbformat_minor": 4
}
