,A,B,C,D,E,F,G,H,I,J
A,589,168,255,221,201,200,194,212,210,214
B,168,591,237,332,314,270,332,347,359,356
C,255,237,579,331,346,333,302,331,330,326
D,221,332,331,596,459,425,444,468,485,482
E,201,314,346,459,583,499,423,480,487,484
F,200,270,333,425,499,575,388,451,442,438
G,194,332,302,444,423,388,575,455,481,478
H,212,347,331,468,480,451,455,587,522,518
I,210,359,330,485,487,442,481,522,591,584
J,214,356,326,482,484,438,478,518,584,591
